<?xml version="1.0" encoding="utf-8" standalone="no"?>
<!DOCTYPE svg PUBLIC "-//W3C//DTD SVG 1.1//EN"
  "http://www.w3.org/Graphics/SVG/1.1/DTD/svg11.dtd">
<svg xmlns:xlink="http://www.w3.org/1999/xlink" width="464.341748pt" height="522.404205pt" viewBox="0 0 464.341748 522.404205" xmlns="http://www.w3.org/2000/svg" version="1.1">
 <metadata>
  <rdf:RDF xmlns:dc="http://purl.org/dc/elements/1.1/" xmlns:cc="http://creativecommons.org/ns#" xmlns:rdf="http://www.w3.org/1999/02/22-rdf-syntax-ns#">
   <cc:Work>
    <dc:type rdf:resource="http://purl.org/dc/dcmitype/StillImage"/>
    <dc:date>2026-06-06T19:04:54.696616</dc:date>
    <dc:format>image/svg+xml</dc:format>
    <dc:creator>
     <cc:Agent>
      <dc:title>Matplotlib v3.9.4, https://matplotlib.org/</dc:title>
     </cc:Agent>
    </dc:creator>
   </cc:Work>
  </rdf:RDF>
 </metadata>
 <defs>
  <style type="text/css">*{stroke-linejoin: round; stroke-linecap: butt}</style>
 </defs>
 <g id="figure_1">
  <g id="patch_1">
   <path d="M 0 522.404205 
L 464.341748 522.404205 
L 464.341748 0 
L 0 0 
L 0 522.404205 
z
" style="fill: none"/>
  </g>
  <g id="axes_1">
   <g id="patch_2">
    <path d="M 434.972374 268.992 
C 434.972374 242.782869 429.809747 216.828589 419.779947 192.61451 
C 409.750147 168.40043 395.048228 146.397454 376.515574 127.8648 
C 357.98292 109.332146 335.979944 94.630227 311.765864 84.600427 
C 287.551785 74.570627 261.597505 69.408 235.388374 69.408 
C 209.179243 69.408 183.224963 74.570627 159.010884 84.600427 
C 134.796804 94.630227 112.793828 109.332146 94.261174 127.8648 
C 75.72852 146.397454 61.026602 168.40043 50.996801 192.61451 
C 40.967001 216.828589 35.804374 242.782869 35.804374 268.992 
C 35.804374 295.201131 40.967001 321.155411 50.996801 345.36949 
C 61.026602 369.58357 75.72852 391.586546 94.261174 410.1192 
C 112.793828 428.651854 134.796804 443.353773 159.010884 453.383573 
C 183.224963 463.413373 209.179243 468.576 235.388374 468.576 
C 261.597505 468.576 287.551785 463.413373 311.765864 453.383573 
C 335.979944 443.353773 357.98292 428.651854 376.515574 410.1192 
C 395.048228 391.586546 409.750147 369.58357 419.779947 345.36949 
C 429.809747 321.155411 434.972374 295.201131 434.972374 268.992 
M 235.388374 268.992 
C 235.388374 268.992 235.388374 268.992 235.388374 268.992 
C 235.388374 268.992 235.388374 268.992 235.388374 268.992 
C 235.388374 268.992 235.388374 268.992 235.388374 268.992 
C 235.388374 268.992 235.388374 268.992 235.388374 268.992 
C 235.388374 268.992 235.388374 268.992 235.388374 268.992 
C 235.388374 268.992 235.388374 268.992 235.388374 268.992 
C 235.388374 268.992 235.388374 268.992 235.388374 268.992 
C 235.388374 268.992 235.388374 268.992 235.388374 268.992 
C 235.388374 268.992 235.388374 268.992 235.388374 268.992 
C 235.388374 268.992 235.388374 268.992 235.388374 268.992 
C 235.388374 268.992 235.388374 268.992 235.388374 268.992 
C 235.388374 268.992 235.388374 268.992 235.388374 268.992 
C 235.388374 268.992 235.388374 268.992 235.388374 268.992 
C 235.388374 268.992 235.388374 268.992 235.388374 268.992 
C 235.388374 268.992 235.388374 268.992 235.388374 268.992 
C 235.388374 268.992 235.388374 268.992 235.388374 268.992 
L 235.388374 268.992 
z
" style="fill: none"/>
   </g>
   <g id="matplotlib.axis_1">
    <g id="xtick_1">
     <g id="line2d_1">
      <path d="M 235.388374 268.992 
L 235.388374 69.408 
" clip-path="url(#p2fb1e90495)" style="fill: none; stroke: #cfcfcf; stroke-width: 0.8; stroke-linecap: square"/>
     </g>
     <g id="text_1">
      <text style="font: 12px 'DejaVu Sans'; text-anchor: middle" x="235.388374" y="48.21925" transform="rotate(-0 235.388374 48.21925)">Responsiveness</text>
     </g>
    </g>
    <g id="xtick_2">
     <g id="line2d_2">
      <path d="M 235.388374 268.992 
L 408.233188 169.2 
" clip-path="url(#p2fb1e90495)" style="fill: none; stroke: #cfcfcf; stroke-width: 0.8; stroke-linecap: square"/>
     </g>
     <g id="text_2">
      <text style="font: 12px 'DejaVu Sans'; text-anchor: middle" x="429.450811" y="160.26125" transform="rotate(-0 429.450811 160.26125)">Energy</text>
     </g>
    </g>
    <g id="xtick_3">
     <g id="line2d_3">
      <path d="M 235.388374 268.992 
L 408.233188 368.784 
" clip-path="url(#p2fb1e90495)" style="fill: none; stroke: #cfcfcf; stroke-width: 0.8; stroke-linecap: square"/>
     </g>
     <g id="text_3">
      <text style="font: 12px 'DejaVu Sans'" transform="translate(401.759873 377.626562)">Attention</text>
      <text style="font: 12px 'DejaVu Sans'" transform="translate(415.036748 391.063937)">span</text>
     </g>
    </g>
    <g id="xtick_4">
     <g id="line2d_4">
      <path d="M 235.388374 268.992 
L 235.388374 468.576 
" clip-path="url(#p2fb1e90495)" style="fill: none; stroke: #cfcfcf; stroke-width: 0.8; stroke-linecap: square"/>
     </g>
     <g id="text_4">
      <text style="font: 12px 'DejaVu Sans'; text-anchor: middle" x="235.388374" y="496.38725" transform="rotate(-0 235.388374 496.38725)">Sociability</text>
     </g>
    </g>
    <g id="xtick_5">
     <g id="line2d_5">
      <path d="M 235.388374 268.992 
L 62.54356 368.784 
" clip-path="url(#p2fb1e90495)" style="fill: none; stroke: #cfcfcf; stroke-width: 0.8; stroke-linecap: square"/>
     </g>
     <g id="text_5">
      <text style="font: 12px 'DejaVu Sans'; text-anchor: middle" x="41.325938" y="384.34525" transform="rotate(-0 41.325938 384.34525)">Exploration</text>
     </g>
    </g>
    <g id="xtick_6">
     <g id="line2d_6">
      <path d="M 235.388374 268.992 
L 62.54356 169.2 
" clip-path="url(#p2fb1e90495)" style="fill: none; stroke: #cfcfcf; stroke-width: 0.8; stroke-linecap: square"/>
     </g>
     <g id="text_6">
      <text style="font: 12px 'DejaVu Sans'; text-anchor: middle" x="41.325938" y="160.26125" transform="rotate(-0 41.325938 160.26125)">Memory</text>
     </g>
    </g>
   </g>
   <g id="matplotlib.axis_2">
    <g id="ytick_1">
     <g id="line2d_7">
      <path d="M 235.388374 219.096 
C 241.940657 219.096 248.429227 220.386657 254.482747 222.894107 
C 260.536266 225.401557 266.037011 229.077037 270.670174 233.7102 
C 275.303338 238.343364 278.978817 243.844108 281.486267 249.897627 
C 283.993717 255.951147 285.284374 262.439717 285.284374 268.992 
C 285.284374 275.544283 283.993717 282.032853 281.486267 288.086373 
C 278.978817 294.139892 275.303338 299.640636 270.670174 304.2738 
C 266.037011 308.906963 260.536266 312.582443 254.482747 315.089893 
C 248.429227 317.597343 241.940657 318.888 235.388374 318.888 
C 228.836091 318.888 222.347521 317.597343 216.294002 315.089893 
C 210.240482 312.582443 204.739738 308.906963 200.106574 304.2738 
C 195.473411 299.640636 191.797931 294.139892 189.290481 288.086373 
C 186.783031 282.032853 185.492374 275.544283 185.492374 268.992 
C 185.492374 262.439717 186.783031 255.951147 189.290481 249.897627 
C 191.797931 243.844108 195.473411 238.343364 200.106574 233.7102 
C 204.739738 229.077037 210.240482 225.401557 216.294002 222.894107 
C 222.347521 220.386657 228.836091 219.096 235.388374 219.096 
" clip-path="url(#p2fb1e90495)" style="fill: none; stroke: #cfcfcf; stroke-width: 0.8; stroke-linecap: square"/>
     </g>
     <g id="text_7">
      <text style="fill: #9a9a9a; font: 8px 'DejaVu Sans'; text-anchor: start" x="254.482747" y="221.230357" transform="rotate(-0 254.482747 221.230357)">0.25</text>
     </g>
    </g>
    <g id="ytick_2">
     <g id="line2d_8">
      <path d="M 235.388374 169.2 
C 248.492939 169.2 261.470079 171.781314 273.577119 176.796214 
C 285.684159 181.811114 296.685647 189.162073 305.951974 198.4284 
C 315.218301 207.694727 322.56926 218.696215 327.58416 230.803255 
C 332.59906 242.910295 335.180374 255.887435 335.180374 268.992 
C 335.180374 282.096565 332.59906 295.073705 327.58416 307.180745 
C 322.56926 319.287785 315.218301 330.289273 305.951974 339.5556 
C 296.685647 348.821927 285.684159 356.172886 273.577119 361.187786 
C 261.470079 366.202686 248.492939 368.784 235.388374 368.784 
C 222.283809 368.784 209.306669 366.202686 197.199629 361.187786 
C 185.092589 356.172886 174.091101 348.821927 164.824774 339.5556 
C 155.558447 330.289273 148.207488 319.287785 143.192588 307.180745 
C 138.177688 295.073705 135.596374 282.096565 135.596374 268.992 
C 135.596374 255.887435 138.177688 242.910295 143.192588 230.803255 
C 148.207488 218.696215 155.558447 207.694727 164.824774 198.4284 
C 174.091101 189.162073 185.092589 181.811114 197.199629 176.796214 
C 209.306669 171.781314 222.283809 169.2 235.388374 169.2 
" clip-path="url(#p2fb1e90495)" style="fill: none; stroke: #cfcfcf; stroke-width: 0.8; stroke-linecap: square"/>
     </g>
     <g id="text_8">
      <text style="fill: #9a9a9a; font: 8px 'DejaVu Sans'; text-anchor: start" x="273.577119" y="175.132464" transform="rotate(-0 273.577119 175.132464)">0.50</text>
     </g>
    </g>
    <g id="ytick_3">
     <g id="line2d_9">
      <path d="M 235.388374 119.304 
C 255.045222 119.304 274.510932 123.17597 292.671492 130.698321 
C 310.832051 138.220671 327.334283 149.24711 341.233774 163.1466 
C 355.133265 177.046091 366.159703 193.548323 373.682054 211.708882 
C 381.204404 229.869442 385.076374 249.335152 385.076374 268.992 
C 385.076374 288.648848 381.204404 308.114558 373.682054 326.275118 
C 366.159703 344.435677 355.133265 360.937909 341.233774 374.8374 
C 327.334283 388.73689 310.832051 399.763329 292.671492 407.285679 
C 274.510932 414.80803 255.045222 418.68 235.388374 418.68 
C 215.731526 418.68 196.265816 414.80803 178.105256 407.285679 
C 159.944697 399.763329 143.442465 388.73689 129.542974 374.8374 
C 115.643484 360.937909 104.617045 344.435677 97.094695 326.275118 
C 89.572345 308.114558 85.700374 288.648848 85.700374 268.992 
C 85.700374 249.335152 89.572345 229.869442 97.094695 211.708882 
C 104.617045 193.548323 115.643484 177.046091 129.542974 163.1466 
C 143.442465 149.24711 159.944697 138.220671 178.105256 130.698321 
C 196.265816 123.17597 215.731526 119.304 235.388374 119.304 
" clip-path="url(#p2fb1e90495)" style="fill: none; stroke: #cfcfcf; stroke-width: 0.8; stroke-linecap: square"/>
     </g>
     <g id="text_9">
      <text style="fill: #9a9a9a; font: 8px 'DejaVu Sans'; text-anchor: start" x="292.671492" y="129.034571" transform="rotate(-0 292.671492 129.034571)">0.75</text>
     </g>
    </g>
    <g id="ytick_4">
     <g id="line2d_10">
      <path d="M 235.388374 69.408 
C 261.597505 69.408 287.551785 74.570627 311.765864 84.600427 
C 335.979944 94.630227 357.98292 109.332146 376.515574 127.8648 
C 395.048228 146.397454 409.750147 168.40043 419.779947 192.61451 
C 429.809747 216.828589 434.972374 242.782869 434.972374 268.992 
C 434.972374 295.201131 429.809747 321.155411 419.779947 345.36949 
C 409.750147 369.58357 395.048228 391.586546 376.515574 410.1192 
C 357.98292 428.651854 335.979944 443.353773 311.765864 453.383573 
C 287.551785 463.413373 261.597505 468.576 235.388374 468.576 
C 209.179243 468.576 183.224963 463.413373 159.010884 453.383573 
C 134.796804 443.353773 112.793828 428.651854 94.261174 410.1192 
C 75.72852 391.586546 61.026602 369.58357 50.996801 345.36949 
C 40.967001 321.155411 35.804374 295.201131 35.804374 268.992 
C 35.804374 242.782869 40.967001 216.828589 50.996801 192.61451 
C 61.026602 168.40043 75.72852 146.397454 94.261174 127.8648 
C 112.793828 109.332146 134.796804 94.630227 159.010884 84.600427 
C 183.224963 74.570627 209.179243 69.408 235.388374 69.408 
" clip-path="url(#p2fb1e90495)" style="fill: none; stroke: #cfcfcf; stroke-width: 0.8; stroke-linecap: square"/>
     </g>
     <g id="text_10">
      <text style="fill: #9a9a9a; font: 8px 'DejaVu Sans'; text-anchor: start" x="311.765864" y="82.936677" transform="rotate(-0 311.765864 82.936677)">1.0</text>
     </g>
    </g>
   </g>
   <g id="patch_3">
    <path d="M 235.388374 163.21248 
L 318.353885 221.09184 
L 321.810781 318.888 
L 235.388374 366.78816 
L 166.250448 308.9088 
L 174.892689 234.0648 
z
" clip-path="url(#p2fb1e90495)" style="fill: #9a9a9a; opacity: 0.06; stroke: #9a9a9a; stroke-linejoin: miter"/>
   </g>
   <g id="patch_4">
    <path d="M 235.388374 69.408 
C 209.179243 69.408 183.224963 74.570627 159.010884 84.600427 
C 134.796804 94.630227 112.793828 109.332146 94.261174 127.8648 
C 75.72852 146.397454 61.026602 168.40043 50.996801 192.61451 
C 40.967001 216.828589 35.804374 242.782869 35.804374 268.992 
C 35.804374 295.201131 40.967001 321.155411 50.996801 345.36949 
C 61.026602 369.58357 75.72852 391.586546 94.261174 410.1192 
C 112.793828 428.651854 134.796804 443.353773 159.010884 453.383573 
C 183.224963 463.413373 209.179243 468.576 235.388374 468.576 
C 261.597505 468.576 287.551785 463.413373 311.765864 453.383573 
C 335.979944 443.353773 357.98292 428.651854 376.515574 410.1192 
C 395.048228 391.586546 409.750147 369.58357 419.779947 345.36949 
C 429.809747 321.155411 434.972374 295.201131 434.972374 268.992 
C 434.972374 242.782869 429.809747 216.828589 419.779947 192.61451 
C 409.750147 168.40043 395.048228 146.397454 376.515574 127.8648 
C 357.98292 109.332146 335.979944 94.630227 311.765864 84.600427 
C 287.551785 74.570627 261.597505 69.408 235.388374 69.408 
" style="fill: none; stroke: #cfcfcf; stroke-width: 0.8; stroke-linejoin: miter; stroke-linecap: square"/>
   </g>
   <g id="line2d_11">
    <path d="M 235.388374 163.21248 
L 318.353885 221.09184 
L 321.810781 318.888 
L 235.388374 366.78816 
L 166.250448 308.9088 
L 174.892689 234.0648 
L 235.388374 163.21248 
" clip-path="url(#p2fb1e90495)" style="fill: none; stroke-dasharray: 8,4.8; stroke-dashoffset: 0; stroke: #9a9a9a; stroke-width: 1.6"/>
   </g>
   <g id="patch_5">
    <path d="M 235.388374 103.33728 
L 368.478881 192.15216 
L 323.539229 319.88592 
L 235.388374 356.80896 
L 112.668556 339.84432 
L 150.694415 220.09392 
z
" clip-path="url(#p2fb1e90495)" style="fill: #e8a23d; opacity: 0.22; stroke: #e8a23d; stroke-linejoin: miter"/>
   </g>
   <g id="line2d_12">
    <path d="M 235.388374 103.33728 
L 368.478881 192.15216 
L 323.539229 319.88592 
L 235.388374 356.80896 
L 112.668556 339.84432 
L 150.694415 220.09392 
L 235.388374 103.33728 
" clip-path="url(#p2fb1e90495)" style="fill: none; stroke: #e8a23d; stroke-width: 2.6; stroke-linecap: square"/>
   </g>
   <g id="legend_1">
    <g id="line2d_13">
     <path d="M 62.509468 505.624517 
L 72.509468 505.624517 
L 82.509468 505.624517 
" style="fill: none; stroke-dasharray: 8,4.8; stroke-dashoffset: 0; stroke: #9a9a9a; stroke-width: 1.6"/>
    </g>
    <g id="text_11">
     <text style="font: 10px 'DejaVu Sans'; text-anchor: start" x="90.509468" y="509.124517" transform="rotate(-0 90.509468 509.124517)">Neutral start (home values)</text>
    </g>
    <g id="line2d_14">
     <path d="M 248.920405 505.624517 
L 258.920405 505.624517 
L 268.920405 505.624517 
" style="fill: none; stroke: #e8a23d; stroke-width: 2.6; stroke-linecap: square"/>
    </g>
    <g id="text_12">
     <text style="font: 10px 'DejaVu Sans'; text-anchor: start" x="276.920405" y="509.124517" transform="rotate(-0 276.920405 509.124517)">As-deployed after 54 days</text>
    </g>
   </g>
   <g id="line2d_15">
    <defs>
     <path id="mdd369738c2" d="M 0 3 
C 0.795609 3 1.55874 2.683901 2.12132 2.12132 
C 2.683901 1.55874 3 0.795609 3 0 
C 3 -0.795609 2.683901 -1.55874 2.12132 -2.12132 
C 1.55874 -2.683901 0.795609 -3 0 -3 
C -0.795609 -3 -1.55874 -2.683901 -2.12132 -2.12132 
C -2.683901 -1.55874 -3 -0.795609 -3 0 
C -3 0.795609 -2.683901 1.55874 -2.12132 2.12132 
C -1.55874 2.683901 -0.795609 3 0 3 
z
" style="stroke: #e8a23d"/>
    </defs>
    <g clip-path="url(#p2fb1e90495)">
     <use xlink:href="#mdd369738c2" x="235.388374" y="103.33728" style="fill: #e8a23d; stroke: #e8a23d"/>
    </g>
   </g>
   <g id="line2d_16">
    <defs>
     <path id="mb4d0110d3d" d="M 0 2 
C 0.530406 2 1.03916 1.789267 1.414214 1.414214 
C 1.789267 1.03916 2 0.530406 2 0 
C 2 -0.530406 1.789267 -1.03916 1.414214 -1.414214 
C 1.03916 -1.789267 0.530406 -2 0 -2 
C -0.530406 -2 -1.03916 -1.789267 -1.414214 -1.414214 
C -1.789267 -1.03916 -2 -0.530406 -2 0 
C -2 0.530406 -1.789267 1.03916 -1.414214 1.414214 
C -1.03916 1.789267 -0.530406 2 0 2 
z
" style="stroke: #9a9a9a"/>
    </defs>
    <g clip-path="url(#p2fb1e90495)">
     <use xlink:href="#mb4d0110d3d" x="235.388374" y="163.21248" style="fill: #9a9a9a; stroke: #9a9a9a"/>
    </g>
   </g>
   <g id="line2d_17">
    <g clip-path="url(#p2fb1e90495)">
     <use xlink:href="#mdd369738c2" x="368.478881" y="192.15216" style="fill: #e8a23d; stroke: #e8a23d"/>
    </g>
   </g>
   <g id="line2d_18">
    <g clip-path="url(#p2fb1e90495)">
     <use xlink:href="#mb4d0110d3d" x="318.353885" y="221.09184" style="fill: #9a9a9a; stroke: #9a9a9a"/>
    </g>
   </g>
   <g id="line2d_19">
    <g clip-path="url(#p2fb1e90495)">
     <use xlink:href="#mdd369738c2" x="323.539229" y="319.88592" style="fill: #e8a23d; stroke: #e8a23d"/>
    </g>
   </g>
   <g id="line2d_20">
    <g clip-path="url(#p2fb1e90495)">
     <use xlink:href="#mb4d0110d3d" x="321.810781" y="318.888" style="fill: #9a9a9a; stroke: #9a9a9a"/>
    </g>
   </g>
   <g id="line2d_21">
    <g clip-path="url(#p2fb1e90495)">
     <use xlink:href="#mdd369738c2" x="235.388374" y="356.80896" style="fill: #e8a23d; stroke: #e8a23d"/>
    </g>
   </g>
   <g id="line2d_22">
    <g clip-path="url(#p2fb1e90495)">
     <use xlink:href="#mb4d0110d3d" x="235.388374" y="366.78816" style="fill: #9a9a9a; stroke: #9a9a9a"/>
    </g>
   </g>
   <g id="line2d_23">
    <g clip-path="url(#p2fb1e90495)">
     <use xlink:href="#mdd369738c2" x="112.668556" y="339.84432" style="fill: #e8a23d; stroke: #e8a23d"/>
    </g>
   </g>
   <g id="line2d_24">
    <g clip-path="url(#p2fb1e90495)">
     <use xlink:href="#mb4d0110d3d" x="166.250448" y="308.9088" style="fill: #9a9a9a; stroke: #9a9a9a"/>
    </g>
   </g>
   <g id="line2d_25">
    <g clip-path="url(#p2fb1e90495)">
     <use xlink:href="#mdd369738c2" x="150.694415" y="220.09392" style="fill: #e8a23d; stroke: #e8a23d"/>
    </g>
   </g>
   <g id="line2d_26">
    <g clip-path="url(#p2fb1e90495)">
     <use xlink:href="#mb4d0110d3d" x="174.892689" y="234.0648" style="fill: #9a9a9a; stroke: #9a9a9a"/>
    </g>
   </g>
   <g id="text_13">
    <text style="font: 700 9px 'DejaVu Sans'; text-anchor: middle" x="235.388374" y="79.874797" transform="rotate(-0 235.388374 79.874797)">+0.30</text>
   </g>
   <g id="text_14">
    <text style="font: 700 9px 'DejaVu Sans'; text-anchor: middle" x="390.948707" y="181.662637" transform="rotate(-0 390.948707 181.662637)">+0.29</text>
   </g>
   <g id="text_15">
    <text style="font: 700 9px 'DejaVu Sans'; text-anchor: middle" x="90.19873" y="355.300718" transform="rotate(-0 90.19873 355.300718)">+0.31</text>
   </g>
   <g id="text_16">
    <text style="font: 700 9px 'DejaVu Sans'; text-anchor: middle" x="128.224589" y="209.604397" transform="rotate(-0 128.224589 209.604397)">+0.14</text>
   </g>
  </g>
  <g id="text_17">
   <text style="font: 700 14px 'DejaVu Sans'; text-anchor: middle" x="228.908374" y="17.837812" transform="rotate(-0 228.908374 17.837812)">E3  Personality drift over the run</text>
  </g>
  <g id="text_18">
   <text style="fill: #555555; font: 10px 'DejaVu Sans'; text-anchor: middle" x="228.908374" y="30.528" transform="rotate(-0 228.908374 30.528)">the six personality meta-parameters: where the light started vs where it settled</text>
  </g>
 </g>
 <defs>
  <clipPath id="p2fb1e90495">
   <path d="M 434.972374 268.992 
C 434.972374 242.782869 429.809747 216.828589 419.779947 192.61451 
C 409.750147 168.40043 395.048228 146.397454 376.515574 127.8648 
C 357.98292 109.332146 335.979944 94.630227 311.765864 84.600427 
C 287.551785 74.570627 261.597505 69.408 235.388374 69.408 
C 209.179243 69.408 183.224963 74.570627 159.010884 84.600427 
C 134.796804 94.630227 112.793828 109.332146 94.261174 127.8648 
C 75.72852 146.397454 61.026602 168.40043 50.996801 192.61451 
C 40.967001 216.828589 35.804374 242.782869 35.804374 268.992 
C 35.804374 295.201131 40.967001 321.155411 50.996801 345.36949 
C 61.026602 369.58357 75.72852 391.586546 94.261174 410.1192 
C 112.793828 428.651854 134.796804 443.353773 159.010884 453.383573 
C 183.224963 463.413373 209.179243 468.576 235.388374 468.576 
C 261.597505 468.576 287.551785 463.413373 311.765864 453.383573 
C 335.979944 443.353773 357.98292 428.651854 376.515574 410.1192 
C 395.048228 391.586546 409.750147 369.58357 419.779947 345.36949 
C 429.809747 321.155411 434.972374 295.201131 434.972374 268.992 
M 235.388374 268.992 
C 235.388374 268.992 235.388374 268.992 235.388374 268.992 
C 235.388374 268.992 235.388374 268.992 235.388374 268.992 
C 235.388374 268.992 235.388374 268.992 235.388374 268.992 
C 235.388374 268.992 235.388374 268.992 235.388374 268.992 
C 235.388374 268.992 235.388374 268.992 235.388374 268.992 
C 235.388374 268.992 235.388374 268.992 235.388374 268.992 
C 235.388374 268.992 235.388374 268.992 235.388374 268.992 
C 235.388374 268.992 235.388374 268.992 235.388374 268.992 
C 235.388374 268.992 235.388374 268.992 235.388374 268.992 
C 235.388374 268.992 235.388374 268.992 235.388374 268.992 
C 235.388374 268.992 235.388374 268.992 235.388374 268.992 
C 235.388374 268.992 235.388374 268.992 235.388374 268.992 
C 235.388374 268.992 235.388374 268.992 235.388374 268.992 
C 235.388374 268.992 235.388374 268.992 235.388374 268.992 
C 235.388374 268.992 235.388374 268.992 235.388374 268.992 
C 235.388374 268.992 235.388374 268.992 235.388374 268.992 
z
"/>
  </clipPath>
 </defs>
</svg>
